131 118 149 45 77 136 110 134 68
71 107 124 52 132 103
100 106 50 69 100 73 90 132 97
123 46 104 56
124 68 87 108 57 69 41 96 117 129
42 150 61 70 112 94 139 109
107
82 44 113 64 69 94
68 131 127 107 67 74
131 95 52 52 46 46 121 127 98
113 147 139 109 50 52 78 79 129
148 79 140 79 129 77 77 70
105 100 126 43 94 117 139 121 119
65 68 123 126 133 78
147 136 148 133 59 74 103
130 78 134 75 44 78 56
116 54 150 66 110 68 62
86 74 118 149 119 124 77 52 117 108
57 53 70 113 136 95 55 130
143 91 82 97 58 66
90 105 86 104 44 85 128 145
111 129 67 89 100 68 44 84 49
75 80 115 114 71
142 103 117 90 128 143 93 111 146
68 55 140 128 119 42 44 115 70 55 102
136 148 53 73 94
148 43 83 66 146
119 88 82 147 124 86
49 149 65 105 105 55 52 145 85 74
122 137 86 62 60 116
128 82 60 123 148 108 59 143 131 71
118 137 106 94 104 109 87 99
89 68 93 51 74 61 100 49 150 119
56 67 135 122 63 60 68 108 89 89
55 80 128 97 53 143
130 108 112 76 125 118 58
44 95 126 130 70 108
51 100 55 89 53 119 136 116 73
71 97 132 52
135 61 66 88 80 94
101 94 72 81 124 143 41 89 69 52 81 129
115 61 139 100 87 108
96 78 112 107 123 130
80 106
41 49 110 52 128 85 136
48 109 136 139 74 104 79 41 44 50 47
95 139 126 110 72
52 62 107 146 74 95
123 99 132 97
142 82 133 130 140 67 102 145
145 76 79 101 75 117 93 69
104 125 73 136 74
128 123 126 98 49 129 71
79 110 146 130 150 81
116 109 106
125 122 107 105 94 101
59 88 89 82 141 60 118
88 136 118 103 48 132 98 148 72
144 61 94 78 74 92 81
120 121 139 98 94 125 66 99
69 101 63 128 73 80 146 75 122
103 55 93 69 41 132
119 44 88 130 87 89 48 137 136 47 105
75 102 69 80 45 100 132
66 45 92 144 92 52 120 94
95 89 116 63 150 85 142 102 123 65
66 61 47 142 60 66 65 134
119 112 136 126 106 50 89 80 70
144 108 116 128 43
89 114 99 92 142 92 108 125 112 115
107 126 52 76 82 59
98 99 130 62 120 97 81
80 48 147 96 118 146 112 121 74
129 46 134 83 125 147 47
90 85 100 60 149 125 87
70 70 89 134 141 142
64 48 80 125 120 54 91 108
97 59 98 46 72 143 148 92
74 52 146 95 76 62 64
138 134 94 97 54 126 114 62
113 135 106 143 65 123 95
125 110 125 85 93 120 126
63 89 103 70 87 99 89
102 124 144 120 89 106
91 115 98 142 146 58 59 118 114 143 146 128
64 135 104 125 45 118 52
65 107 130 107 43 95 71 84
59 41 106 148 100 46 128
42 44 73 71 111 104
108 114 123 74 88 98 77 78 81
67 72 71 109 71 107 54 126
138 91 127 118 45 136 85 95 46
118 107 114 63 53 112 58 64 136
142 120 147 66 73
116 63 60 111 103 93 124
70 68 81 74
136 85 142 137 57 73 136
91 115 147
51 52 51 88 125 47
147 68 137 126 111 88
