131 -67 29 118 149 -12 -110 -13 45 -26 -3 77 15 136 110 31 -49 134 68 -101
-79 71 -16 107 15 124 -7 52 -55 -86 30 -125 132 -124 -137 103 -39 3 17 -62
-77 -103 100 -118 -12 -144 106 -126 50 69 100 24 73 -15 -39 -129 90 -100 132 97
21 -113 -97 123 -27 -103 -26 46 -107 104 -87 -40 26 -124 -108 -128 -114 -67 9 56
124 -142 9 68 87 108 57 39 -64 -112 69 -108 41 96 -108 117 31 129 -26 -117
42 -79 150 61 -77 -84 70 -20 -125 -107 112 -26 12 -10 -55 -135 -147 94 139 109
-28 -46 -63 -32 -130 -90 -102 -99 -53 -25 -43 -80 -17 -143 7 -99 -56 107 -112 -11
-34 82 44 22 -112 113 -27 -120 18 -75 64 -34 -54 -50 -16 -77 69 94 -95 -144
-74 68 -3 25 -40 -11 131 -103 -46 36 -56 127 -31 107 -10 -128 67 19 -94 74
-64 -106 -72 -2 6 -76 131 95 28 -101 52 52 46 -106 46 -46 121 127 98 -19
113 147 -111 -78 16 139 -6 109 -13 50 -98 38 52 -37 78 20 -144 79 -98 129
148 -141 -132 79 140 -104 9 -1 79 -33 -30 129 77 77 70 -150 40 14 -68 -107
-127 4 -136 105 -67 100 -44 126 -28 43 -91 94 117 139 121 -25 119 -47 29 -110
65 68 -37 123 -96 33 -95 38 -29 -40 39 -146 -82 -28 -149 126 34 10 133 78
-51 -127 -149 -142 147 136 148 -136 -145 32 133 -147 59 -49 74 -90 15 103 -133 -4
-137 130 -82 78 134 75 -116 -48 24 -62 -41 -83 44 13 78 23 -35 -138 -41 56
-83 116 5 -38 54 -123 150 66 110 68 -66 -77 62 18 4 -101 -66 -128 -84 -98
-28 86 -35 -73 5 -89 74 118 149 -145 -9 119 11 124 77 -16 52 117 32 108
-45 57 53 70 -70 -72 113 -87 -90 136 -140 25 95 55 -126 -5 130 -33 1 12
143 91 -69 -120 -135 82 -66 -66 -47 97 -83 -53 -131 58 33 -96 29 -60 -75 66
20 -15 -77 90 105 -22 -19 86 -99 -37 -9 -109 104 34 -94 44 -35 85 128 145
-101 111 129 67 89 15 36 100 -74 68 44 1 84 6 -147 -131 -51 49 -103 -62
25 -35 75 -100 20 80 5 -76 -27 115 16 -43 -98 -126 -102 114 -111 4 71 1
-39 19 142 103 117 -90 90 128 -92 -83 143 -106 34 -128 -89 93 111 17 146 34
68 -52 55 140 -26 128 119 42 44 115 31 -101 70 -95 -48 -114 55 -75 102 -38
136 -131 8 -39 -110 148 -8 -28 53 -131 -88 29 33 34 -89 -120 73 94 -31 -119
148 0 -85 -18 43 -3 24 29 83 -71 -54 30 -90 25 66 -55 -64 146 9 -6
15 119 -66 20 -48 -88 33 -28 88 -95 82 147 -94 124 -49 -104 86 -42 -36 -28
-21 29 49 149 65 105 38 105 -50 55 -100 52 145 85 -8 -78 -73 74 -75 -34
122 137 -34 22 -80 12 86 23 -62 23 62 -105 -19 -6 60 -44 116 -137 -1 14
-3 128 -116 -5 14 82 60 -74 123 7 148 108 22 59 143 131 -26 71 -65 -1
118 -57 -115 -30 0 17 13 14 -21 137 -119 106 94 104 109 87 99 -134 -142 40
-39 -108 -20 89 68 -110 93 27 51 -60 74 -145 -64 61 -100 30 100 49 150 119
-52 -9 -30 56 67 40 -121 135 122 -66 63 -132 60 68 108 9 89 89 -69 11
-72 55 -41 -135 80 -20 -66 36 39 7 -94 -139 128 97 -94 53 -52 27 1 143
130 108 112 76 -1 -45 -21 -72 18 -112 -51 -62 33 125 118 -73 -104 -101 58 -81
-4 -99 0 44 -109 95 -56 -116 -100 126 130 -50 36 6 -127 -62 70 -97 -129 108
-40 51 20 -17 100 -147 -92 5 -6 55 89 -142 -15 53 119 23 136 116 73 -125
22 -98 -10 -145 -97 -94 -1 71 22 -15 97 6 -50 -27 -27 -46 -44 -116 132 52
-69 -40 -133 -144 135 -37 -91 -4 -35 61 -21 66 88 -1 80 -150 -145 27 -33 94
101 -136 94 -35 72 -139 -82 -150 81 124 143 41 89 -120 69 52 81 18 -90 129
-133 -107 -77 -141 -56 16 115 61 -17 -24 -120 139 18 100 -38 -124 87 -47 -119 108
-66 96 -98 78 -122 -23 112 -93 -119 -146 107 -124 -94 -95 29 -125 -59 30 123 130
80 -86 -69 106 -149 -48 -51 -52 -12 -6 39 -107 8 -113 19 -60 -97 -149 -128 -130
-63 41 28 49 110 -122 -93 -62 -97 -13 52 -57 128 34 -37 85 -52 136 6 -48
48 109 136 38 139 4 74 -104 104 79 41 44 50 -128 -3 -139 -56 47 -33 25
-140 -25 -59 95 34 -121 139 -140 126 110 -142 -82 -1 -17 72 -126 -65 -99 -4 4
28 52 62 107 36 14 4 5 146 2 -81 -6 74 14 95 -123 -32 -34 -46 -76
-20 -124 -104 123 -44 -118 -127 -131 -115 99 -119 132 7 -49 -36 13 -88 97 -126 -47
142 -99 82 -43 133 13 25 -19 -3 20 130 140 -50 67 32 102 -24 23 145 -133
-1 -1 145 -99 -67 76 79 101 75 -47 36 117 -24 93 28 -22 -14 69 -150 36
104 125 -69 -47 1 0 -5 -142 6 -5 -18 73 -115 -36 136 -7 74 -75 -56 -64
128 -62 -107 -25 123 126 98 49 129 -9 -82 -142 36 -63 -129 71 -36 26 -147 30
25 79 -30 110 -145 146 -17 -21 -51 -116 36 130 150 81 -86 -131 -116 -28 9 21
-32 -145 -98 38 -115 -20 17 116 27 -100 -91 109 32 -107 -118 -36 -122 106 -76 20
-17 125 -148 -3 -9 -124 -61 -134 122 107 -87 -49 105 94 -26 -106 -48 -77 101 -2
-125 59 -34 -103 -59 88 89 25 39 82 -45 -91 33 -132 -26 141 -54 60 -117 118
88 136 118 103 -107 48 -140 132 -8 -41 98 -66 148 -26 -6 11 30 12 72 -63
-124 144 -98 -32 -117 61 -134 -112 27 -142 94 -99 -117 -96 78 -61 74 92 81 -107
120 -53 121 139 -127 25 -29 19 -12 -29 -135 98 -7 -23 -129 94 125 66 -127 99
69 -7 -22 101 63 -139 -95 4 128 20 -140 73 -116 13 80 146 -80 28 75 122
38 103 -54 9 55 93 -117 32 -86 69 41 -39 21 132 3 -2 -123 -62 -100 -44
119 44 27 88 28 130 87 -88 89 3 -120 16 48 -13 137 136 -146 47 -83 105
75 -120 -128 -3 102 -13 69 -42 80 -2 35 45 100 22 10 -129 34 -56 1 132
66 -102 -9 45 -45 -88 -144 92 144 -112 -84 2 92 -97 52 20 -25 120 94 -40
95 -140 89 116 63 150 -89 -57 -18 85 -61 142 102 123 -125 -117 65 11 -46 -141
66 61 -72 -56 -36 47 -103 -116 142 60 -110 -96 66 -150 -96 65 134 -11 -104 14
119 -4 -22 -61 112 136 -113 -43 126 -77 -128 -32 106 50 89 -33 -138 80 70 -131
144 -98 27 -133 108 116 -51 -88 128 -27 -62 -23 -141 -76 34 -7 -93 32 43 -110
89 114 99 -70 36 92 -94 -60 142 92 -84 -108 -53 -138 -109 108 125 112 -82 115
-30 -90 107 126 40 52 6 -122 -135 -135 -24 76 -89 82 -109 59 -135 -140 -38 36
-129 19 98 -23 -77 99 -98 130 62 8 -94 -139 120 -95 -110 -63 -4 97 -14 81
-97 -66 -62 80 48 147 96 27 -103 118 -5 146 -13 -65 -126 112 -118 -136 121 74
129 -142 46 -145 -25 -134 134 -142 -143 -71 -62 83 125 -143 27 147 29 -13 47 -24
-81 -108 -10 90 85 36 -51 100 60 -134 0 -93 -37 149 -42 -68 125 -141 87 27
70 -62 -10 -129 -141 -12 -44 70 89 -72 -34 134 -28 -133 141 -94 -101 -89 142 -64
-108 64 17 48 80 -46 -8 28 125 -54 -19 4 120 -42 54 37 9 91 108 15
34 -140 97 59 -50 -89 -141 98 -114 46 72 -144 143 -61 148 -150 92 -130 11 -135
74 52 -13 -39 146 95 -125 76 8 23 -5 -100 27 4 -29 62 23 10 64 12
138 5 134 94 -144 -35 97 -150 -109 37 -83 13 54 -16 -3 -51 126 -6 114 62
-127 113 135 106 -107 143 -41 -93 65 123 -120 -112 -109 -99 95 -94 -146 -58 -76 -87
-43 -150 -95 125 110 -78 125 36 35 22 -78 85 -34 93 -27 -3 1 120 126 0
-140 36 -144 63 89 103 70 -56 -27 -41 87 -32 99 -80 89 4 0 -120 -142 -61
102 38 -102 -1 124 -96 19 1 -100 -141 144 120 -85 89 106 -17 -37 -118 10 -39
-53 -79 91 115 98 142 146 20 35 58 59 118 -135 34 114 143 146 128 -65 19
-71 64 135 -40 17 -116 -92 -77 -120 104 -129 -126 -5 125 45 -89 -98 -15 118 52
-38 -130 65 -21 14 -18 -56 107 -138 130 107 43 95 19 -71 -10 -128 2 71 84
-137 -76 59 33 -1 -44 28 -91 -16 41 -106 106 148 100 34 46 -96 128 -20 12
-122 42 44 -78 1 -97 -40 -57 73 0 -37 -129 71 -84 26 -1 -47 -16 111 104
108 114 13 -90 28 -73 -138 -94 123 74 -75 88 -77 98 -40 77 -16 -70 78 81
-88 -91 -31 67 -37 72 -83 71 -76 109 71 107 -81 -124 54 -29 -43 -75 -93 126
-115 138 91 -48 127 -93 118 -11 -4 -96 -11 -8 15 45 136 85 -101 95 -44 46
118 25 107 -30 -65 114 25 63 53 -18 -69 112 -44 58 -58 -17 64 -116 -90 136
-28 -114 142 -61 -4 18 -44 120 -83 147 -147 66 -137 73 -132 -133 14 -108 -69 -93
116 -14 -64 -66 63 -30 60 111 -3 -52 10 -118 103 -63 93 -48 12 -76 124 29
70 -40 -8 -45 -24 -10 -65 -125 -126 -103 11 39 -62 -39 68 81 74 -58 -82 -12
-4 -38 136 -57 85 -112 142 137 -116 25 -52 -131 -74 57 73 136 -81 -89 -3 -77
-33 28 -59 35 -24 -119 16 -142 -32 -64 91 -139 -14 115 -134 -71 39 1 -28 147
-62 -109 51 19 -140 52 -31 -126 -43 -149 -63 -123 -16 14 51 -107 88 125 -126 47
147 -86 -38 -133 68 -30 0 10 -54 137 126 -115 -133 -9 32 111 38 -109 -24 88
